888888888888888888888888888888888888888888888888888
8b888bbbb8bbbbb8b8b88b88888888888888888888888888888
8b888b88b8b88888b8bb8b88888888888888888888888888888
8b888b88b8b8bbb8b8bbbb88888888888888888888888888888
8b888b88b8b888b8b8b8bb88888888888888888888888888888
8bbb8bbbb8bbbbb8b8b88b88888888888888888888888888888
888888888888888888888888888888888888888888888888888
777777777777777777777777777777777777777777777777788
888888888888888888888888888888888888888888888888888
888888888888888888888888888888888888888888888888888
888888888888888888888888888888888888888888888888888
888888888888888888888888888888888888888888888888888
888888888888888888888888888888888888888888888888888
888888888888888888888888888888888888888888888888888
888888888888888888888888888888888888888888888888888
888888888888888888888888888888888888888888888888888
888888888888888888888888888888888888888888888888888
888888888888888888888888888888888888888888888888888
888888888888888888888888888888888888888888888888888
